File Name	Original Size (KB)	Compressed Size	(N)	Ratio	(R)	Ratio	(M)	Ratio	WinZip	Ratio
--------------------------------------------------------------------------------------------------------------------
all.tar			2960				1751	1.69	1179	2.51	2263	1.31	907	3.26
assig2.doc		85				40	2.13	40	2.13	40	2.13	21	4.05
bmps.tar		1080				80     13.5	76     14.21	77     14.0	55     19.63
code.txt		71				24	2.96	24	2.96	24	2.96	14	5.07
code2.txt		57				21	2.71	21	2.71	21	2.71	12	4.75
edit.exe		231				153	1.51	151	1.53	153	1.51	117	1.97
frosty.jpg		124				160	 .78	174	 .71	160	 .78	123	1.01
gone_fishing.bmp	17				9	1.89	9	1.89	9	1.89	8	2.13
large.txt		1193				491	2.43	539	2.21	491	2.s43	462	2.58
Lego-big.gif		92				120	 .77	126	 .73	120	 .77	91	1.01
medium.txt		25				13	1.92	13	1.92	13	1.92	10	2.5
texts.tar		1350				584	2.31	597	2.26	559	2.42	500	2.7
wacky.bmp		901				4     225.3	4     225.3	4     225.3	3     300.33
winnt256.bmp		154				62	2.48	61	2.52	62	2.48	44	3.5